Output for: 2015_2017.csv
Stock #6 Std = 0.19461
Stock #17 Std = 0.24832
Stock #489 Std = 0.34605
Stock #669 Std = 0.29164
Stock #883 Std = 0.38976
Stock #1211 Std = 0.47465
Stock #1299 Std = 0.25566
Stock #2318 Std = 0.30777
Stock #2388 Std = 0.26963
Stock #6837 Std = 0.44882
Stock #6 E(r) = 0.08900
Stock #17 E(r) = 0.16300
Stock #489 E(r) = 0.25100
Stock #669 E(r) = 0.18100
Stock #883 E(r) = 0.18500
Stock #1211 E(r) = 0.24100
Stock #1299 E(r) = 0.15400
Stock #2318 E(r) = 0.21700
Stock #2388 E(r) = 0.12600
Stock #6837 E(r) = 0.23200
Stock #6 E(r) = 0.08900
Stock #17 E(r) = 0.16300
Stock #489 E(r) = 0.25100
Stock #669 E(r) = 0.18100
Stock #883 E(r) = 0.18500
Stock #1211 E(r) = 0.24100
Stock #1299 E(r) = 0.15400
Stock #2318 E(r) = 0.21700
Stock #2388 E(r) = 0.12600
Stock #6837 E(r) = 0.23200

Covariance Matrix:
0.03787	0.02065	0.01913	0.01144	0.02621	0.02542	0.01878	0.02403	0.02105	0.02263	
0.02065	0.06166	0.03389	0.01219	0.04589	0.04787	0.03117	0.04526	0.03675	0.04998	
0.01913	0.03389	0.11975	0.02127	0.05719	0.07673	0.03800	0.04905	0.03628	0.06605	
0.01144	0.01219	0.02127	0.08506	0.02262	0.02368	0.02037	0.01514	0.01942	0.01765	
0.02621	0.04589	0.05719	0.02262	0.15191	0.08425	0.05659	0.07287	0.05777	0.09474	
0.02542	0.04787	0.07673	0.02368	0.08425	0.22529	0.05164	0.08647	0.05439	0.11809	
0.01878	0.03117	0.03800	0.02037	0.05659	0.05164	0.06536	0.04668	0.04046	0.05397	
0.02403	0.04526	0.04905	0.01514	0.07287	0.08647	0.04668	0.09472	0.04996	0.09630	
0.02105	0.03675	0.03628	0.01942	0.05777	0.05439	0.04046	0.04996	0.07270	0.05910	
0.02263	0.04998	0.06605	0.01765	0.09474	0.11809	0.05397	0.09630	0.05910	0.20144	

Coefficient Matrix:
1.00000	0.42737	0.28406	0.20164	0.34557	0.27516	0.37746	0.40119	0.40124	0.25904	
0.42737	1.00000	0.39442	0.16839	0.47416	0.40612	0.49101	0.59228	0.54895	0.44845	
0.28406	0.39442	1.00000	0.21075	0.42402	0.46712	0.42951	0.46051	0.38882	0.42527	
0.20164	0.16839	0.21075	1.00000	0.19901	0.17109	0.27318	0.16865	0.24698	0.13485	
0.34557	0.47416	0.42402	0.19901	1.00000	0.45542	0.56788	0.60744	0.54973	0.54159	
0.27516	0.40612	0.46712	0.17109	0.45542	1.00000	0.42557	0.59195	0.42497	0.55434	
0.37746	0.49101	0.42951	0.27318	0.56788	0.42557	1.00000	0.59322	0.58697	0.47035	
0.40119	0.59228	0.46051	0.16865	0.60744	0.59195	0.59322	1.00000	0.60204	0.69715	
0.40124	0.54895	0.38882	0.24698	0.54973	0.42497	0.58697	0.60204	1.00000	0.48839	
0.25904	0.44845	0.42527	0.13485	0.54159	0.55434	0.47035	0.69715	0.48839	1.00000	

Unconstrained EFT
pt(0.17, 0.10): 0.64      0.14      -0.02     0.14      -0.06     -0.04     0.16      -0.10     0.14      -0.01     
pt(0.17, 0.11): 0.58      0.15      0.01      0.16      -0.06     -0.03     0.16      -0.06     0.11      -0.01     
pt(0.16, 0.12): 0.53      0.16      0.03      0.17      -0.06     -0.03     0.15      -0.03     0.08      -0.01     
pt(0.16, 0.13): 0.47      0.17      0.06      0.19      -0.06     -0.03     0.14      0.01      0.05      -0.01     
pt(0.16, 0.14): 0.42      0.18      0.09      0.21      -0.06     -0.03     0.13      0.05      0.02      -0.01     
pt(0.17, 0.15): 0.36      0.19      0.11      0.23      -0.06     -0.03     0.13      0.08      -0.01     -0.01     
pt(0.17, 0.16): 0.31      0.20      0.14      0.25      -0.06     -0.02     0.12      0.12      -0.04     -0.01     
pt(0.18, 0.17): 0.25      0.21      0.17      0.27      -0.06     -0.02     0.11      0.15      -0.06     -0.01     
pt(0.18, 0.18): 0.19      0.22      0.19      0.28      -0.06     -0.02     0.10      0.19      -0.09     -0.01     
pt(0.19, 0.19): 0.14      0.23      0.22      0.30      -0.06     -0.02     0.10      0.23      -0.12     -0.01     
pt(0.20, 0.20): 0.08      0.24      0.24      0.32      -0.06     -0.02     0.09      0.26      -0.15     -0.01     
pt(0.21, 0.21): 0.03      0.25      0.27      0.34      -0.06     -0.01     0.08      0.30      -0.18     -0.01     
pt(0.22, 0.22): -0.03     0.26      0.30      0.36      -0.06     -0.01     0.07      0.34      -0.21     -0.01     
pt(0.24, 0.23): -0.08     0.27      0.32      0.38      -0.06     -0.01     0.06      0.37      -0.24     -0.01     
pt(0.25, 0.24): -0.14     0.28      0.35      0.39      -0.06     -0.01     0.06      0.41      -0.27     -0.01     
pt(0.26, 0.25): -0.19     0.29      0.38      0.41      -0.06     -0.01     0.05      0.44      -0.30     -0.01     
pt(0.27, 0.26): -0.25     0.30      0.40      0.43      -0.06     -0.00     0.04      0.48      -0.33     -0.01     
pt(0.29, 0.27): -0.30     0.31      0.43      0.45      -0.06     -0.00     0.03      0.52      -0.36     -0.01     
pt(0.30, 0.28): -0.36     0.32      0.45      0.47      -0.06     0.00      0.03      0.55      -0.39     -0.01     
pt(0.31, 0.29): -0.42     0.33      0.48      0.49      -0.06     0.00      0.02      0.59      -0.41     -0.01     

POS Only EFT
pt(0.18, 0.10): 0.81      0.00      0.00      0.06      0.00      0.00      0.01      0.00      0.12      0.00      
pt(0.17, 0.11): 0.69      0.04      0.00      0.12      0.00      0.00      0.06      0.00      0.09      0.00      
pt(0.17, 0.12): 0.58      0.11      0.00      0.16      0.00      0.00      0.09      0.00      0.06      0.00      
pt(0.16, 0.13): 0.50      0.15      0.03      0.19      0.00      0.00      0.11      0.00      0.03      0.00      
pt(0.17, 0.14): 0.43      0.18      0.07      0.21      0.00      0.00      0.11      0.00      0.01      0.00      
pt(0.17, 0.15): 0.36      0.18      0.10      0.23      0.00      0.00      0.10      0.03      0.00      0.00      
pt(0.17, 0.16): 0.29      0.19      0.13      0.25      0.00      0.00      0.08      0.07      0.00      0.00      
pt(0.18, 0.17): 0.22      0.19      0.16      0.27      0.00      0.00      0.06      0.10      0.00      0.00      
pt(0.19, 0.18): 0.16      0.19      0.19      0.28      0.00      0.00      0.04      0.14      0.00      0.00      
pt(0.20, 0.19): 0.09      0.20      0.22      0.30      0.00      0.00      0.02      0.17      0.00      0.00      
pt(0.21, 0.20): 0.02      0.20      0.25      0.32      0.00      0.00      0.01      0.21      0.00      0.00      
pt(0.22, 0.21): 0.00      0.11      0.31      0.32      0.00      0.00      0.00      0.26      0.00      0.00      
pt(0.23, 0.22): 0.00      0.00      0.39      0.29      0.00      0.00      0.00      0.32      0.00      0.00      
pt(0.26, 0.23): 0.00      0.00      0.53      0.16      0.00      0.03      0.00      0.27      0.00      0.01      
pt(0.29, 0.24): 0.00      0.00      0.67      0.04      0.00      0.06      0.00      0.21      0.00      0.02      
pt(0.34, 0.25): 0.00      0.00      0.90      0.00      0.00      0.10      0.00      0.00      0.00      0.00      

POS + Bounded
pt(0.17, 0.14): 0.25      0.22      0.00      0.19      0.00      0.00      0.16      0.00      0.18      0.00      
pt(0.17, 0.15): 0.25      0.25      0.06      0.22      0.00      0.00      0.15      0.00      0.07      0.00      
pt(0.17, 0.16): 0.25      0.20      0.11      0.25      0.00      0.00      0.14      0.05      0.00      0.00      
pt(0.18, 0.17): 0.22      0.17      0.17      0.25      0.00      0.00      0.11      0.09      0.00      0.00      
pt(0.19, 0.18): 0.15      0.18      0.20      0.25      0.00      0.00      0.09      0.12      0.00      0.00      
pt(0.20, 0.19): 0.12      0.20      0.25      0.25      0.00      0.00      0.00      0.18      0.00      0.00      
pt(0.21, 0.20): 0.04      0.21      0.25      0.25      0.00      0.00      0.00      0.25      0.00      0.00      
pt(0.22, 0.21): 0.00      0.15      0.25      0.25      0.00      0.05      0.00      0.25      0.00      0.05      
pt(0.25, 0.22): 0.00      0.02      0.25      0.25      0.00      0.12      0.00      0.25      0.00      0.11      
pt(0.29, 0.23): 0.00      0.00      0.25      0.10      0.00      0.25      0.00      0.25      0.00      0.15      

Best Weight for rate 1
pt(0.21, 0.20): 0.02      0.20      0.25      0.32      0.00      0.00      0.01      0.21      0.00      0.00      

Best Weight for rate 2
pt(0.20, 0.18): 0.06      0.23      0.09      0.34      0.00      0.01      0.05      0.24      0.00      0.00      

Output for: 2016_2017.csv
Stock #6 Std = 0.18642
Stock #17 Std = 0.24731
Stock #489 Std = 0.32008
Stock #669 Std = 0.27669
Stock #883 Std = 0.36731
Stock #1211 Std = 0.34253
Stock #1299 Std = 0.23445
Stock #2318 Std = 0.27593
Stock #2388 Std = 0.24556
Stock #6837 Std = 0.28695
Stock #6 E(r) = 0.08900
Stock #17 E(r) = 0.16300
Stock #489 E(r) = 0.25100
Stock #669 E(r) = 0.18100
Stock #883 E(r) = 0.18500
Stock #1211 E(r) = 0.24100
Stock #1299 E(r) = 0.15400
Stock #2318 E(r) = 0.21700
Stock #2388 E(r) = 0.12600
Stock #6837 E(r) = 0.23200
Stock #6 E(r) = 0.08900
Stock #17 E(r) = 0.16300
Stock #489 E(r) = 0.25100
Stock #669 E(r) = 0.18100
Stock #883 E(r) = 0.18500
Stock #1211 E(r) = 0.24100
Stock #1299 E(r) = 0.15400
Stock #2318 E(r) = 0.21700
Stock #2388 E(r) = 0.12600
Stock #6837 E(r) = 0.23200

Covariance Matrix:
0.03475	0.01639	0.01615	0.00908	0.02807	0.01966	0.01860	0.02275	0.01841	0.02043	
0.01639	0.06116	0.02958	0.00630	0.03987	0.03351	0.02522	0.03934	0.03067	0.03197	
0.01615	0.02958	0.10245	0.01790	0.04730	0.05308	0.03111	0.04367	0.03090	0.04299	
0.00908	0.00630	0.01790	0.07656	0.01662	0.01436	0.01604	0.01126	0.01208	0.01762	
0.02807	0.03987	0.04730	0.01662	0.13491	0.06883	0.05349	0.06876	0.05275	0.07089	
0.01966	0.03351	0.05308	0.01436	0.06883	0.11733	0.03983	0.06456	0.04083	0.06045	
0.01860	0.02522	0.03111	0.01604	0.05349	0.03983	0.05497	0.04115	0.03076	0.04015	
0.02275	0.03934	0.04367	0.01126	0.06876	0.06456	0.04115	0.07614	0.04182	0.06164	
0.01841	0.03067	0.03090	0.01208	0.05275	0.04083	0.03076	0.04182	0.06030	0.04197	
0.02043	0.03197	0.04299	0.01762	0.07089	0.06045	0.04015	0.06164	0.04197	0.08234	

Coefficient Matrix:
1.00000	0.35546	0.27068	0.17601	0.41001	0.30786	0.42559	0.44234	0.40217	0.38187	
0.35546	1.00000	0.37368	0.09200	0.43897	0.39561	0.43489	0.57649	0.50501	0.45048	
0.27068	0.37368	1.00000	0.20209	0.40236	0.48416	0.41462	0.49443	0.39314	0.46806	
0.17601	0.09200	0.20209	1.00000	0.16353	0.15150	0.24732	0.14745	0.17781	0.22193	
0.41001	0.43897	0.40236	0.16353	1.00000	0.54707	0.62110	0.67847	0.58483	0.67259	
0.30786	0.39561	0.48416	0.15150	0.54707	1.00000	0.49603	0.68307	0.48540	0.61498	
0.42559	0.43489	0.41462	0.24732	0.62110	0.49603	1.00000	0.63612	0.53432	0.59679	
0.44234	0.57649	0.49443	0.14745	0.67847	0.68307	0.63612	1.00000	0.61714	0.77857	
0.40217	0.50501	0.39314	0.17781	0.58483	0.48540	0.53432	0.61714	1.00000	0.59561	
0.38187	0.45048	0.46806	0.22193	0.67259	0.61498	0.59679	0.77857	0.59561	1.00000	

Unconstrained EFT
pt(0.15, 0.10): 0.58      0.16      -0.01     0.15      -0.11     -0.00     0.19      -0.13     0.21      -0.04     
pt(0.15, 0.11): 0.54      0.17      0.01      0.17      -0.11     0.01      0.18      -0.11     0.17      -0.01     
pt(0.15, 0.12): 0.49      0.17      0.03      0.18      -0.12     0.01      0.17      -0.09     0.14      0.01      
pt(0.15, 0.13): 0.45      0.17      0.05      0.19      -0.12     0.02      0.16      -0.06     0.11      0.04      
pt(0.15, 0.14): 0.40      0.18      0.06      0.20      -0.12     0.03      0.14      -0.04     0.08      0.06      
pt(0.15, 0.15): 0.35      0.18      0.08      0.22      -0.13     0.04      0.13      -0.02     0.05      0.09      
pt(0.16, 0.16): 0.31      0.19      0.10      0.23      -0.13     0.04      0.12      0.00      0.02      0.11      
pt(0.16, 0.17): 0.26      0.19      0.12      0.24      -0.13     0.05      0.11      0.02      -0.01     0.14      
pt(0.17, 0.18): 0.21      0.20      0.14      0.25      -0.13     0.06      0.10      0.04      -0.04     0.16      
pt(0.17, 0.19): 0.17      0.20      0.16      0.27      -0.14     0.07      0.09      0.07      -0.07     0.19      
pt(0.18, 0.20): 0.12      0.21      0.18      0.28      -0.14     0.08      0.08      0.09      -0.10     0.21      
pt(0.19, 0.21): 0.08      0.21      0.20      0.29      -0.14     0.08      0.07      0.11      -0.13     0.24      
pt(0.20, 0.22): 0.03      0.21      0.22      0.30      -0.15     0.09      0.06      0.13      -0.16     0.26      
pt(0.21, 0.23): -0.02     0.22      0.24      0.32      -0.15     0.10      0.04      0.15      -0.19     0.29      
pt(0.22, 0.24): -0.06     0.22      0.26      0.33      -0.15     0.11      0.03      0.18      -0.22     0.31      
pt(0.23, 0.25): -0.11     0.23      0.27      0.34      -0.15     0.11      0.02      0.20      -0.25     0.34      
pt(0.24, 0.26): -0.16     0.23      0.29      0.35      -0.16     0.12      0.01      0.22      -0.28     0.36      
pt(0.25, 0.27): -0.20     0.24      0.31      0.37      -0.16     0.13      0.00      0.24      -0.31     0.39      
pt(0.27, 0.28): -0.25     0.24      0.33      0.38      -0.16     0.14      -0.01     0.26      -0.34     0.41      
pt(0.28, 0.29): -0.29     0.25      0.35      0.39      -0.17     0.14      -0.02     0.29      -0.37     0.44      

POS Only EFT
pt(0.17, 0.10): 0.80      0.00      0.00      0.06      0.00      0.00      0.00      0.00      0.14      0.00      
pt(0.16, 0.11): 0.68      0.06      0.00      0.12      0.00      0.00      0.01      0.00      0.13      0.00      
pt(0.16, 0.12): 0.56      0.11      0.00      0.17      0.00      0.00      0.06      0.00      0.10      0.00      
pt(0.15, 0.13): 0.47      0.15      0.02      0.20      0.00      0.00      0.08      0.00      0.08      0.00      
pt(0.15, 0.14): 0.40      0.17      0.06      0.22      0.00      0.00      0.09      0.00      0.05      0.00      
pt(0.16, 0.15): 0.35      0.18      0.08      0.23      0.00      0.02      0.09      0.00      0.02      0.03      
pt(0.16, 0.16): 0.30      0.19      0.10      0.24      0.00      0.03      0.08      0.00      0.00      0.06      
pt(0.17, 0.17): 0.24      0.19      0.13      0.26      0.00      0.04      0.06      0.00      0.00      0.09      
pt(0.17, 0.18): 0.18      0.19      0.15      0.27      0.00      0.05      0.04      0.01      0.00      0.12      
pt(0.18, 0.19): 0.12      0.19      0.17      0.28      0.00      0.06      0.02      0.03      0.00      0.14      
pt(0.19, 0.20): 0.05      0.18      0.19      0.29      0.00      0.06      0.00      0.05      0.00      0.16      
pt(0.20, 0.21): 0.00      0.16      0.22      0.30      0.00      0.07      0.00      0.06      0.00      0.18      
pt(0.21, 0.22): 0.00      0.05      0.28      0.27      0.00      0.10      0.00      0.06      0.00      0.23      
pt(0.23, 0.23): 0.00      0.00      0.36      0.20      0.00      0.14      0.00      0.00      0.00      0.30      
pt(0.25, 0.24): 0.00      0.00      0.47      0.05      0.00      0.16      0.00      0.00      0.00      0.32      
pt(0.31, 0.25): 0.00      0.00      0.90      0.00      0.00      0.10      0.00      0.00      0.00      0.00      

POS + Bounded
pt(0.16, 0.14): 0.25      0.19      0.00      0.21      0.00      0.00      0.17      0.00      0.18      0.00      
pt(0.16, 0.15): 0.25      0.20      0.07      0.22      0.00      0.00      0.16      0.00      0.10      0.00      
pt(0.16, 0.16): 0.25      0.20      0.09      0.23      0.00      0.02      0.12      0.00      0.04      0.06      
pt(0.17, 0.17): 0.25      0.18      0.13      0.23      0.00      0.04      0.07      0.00      0.00      0.11      
pt(0.17, 0.18): 0.18      0.15      0.16      0.25      0.00      0.04      0.08      0.00      0.00      0.14      
pt(0.18, 0.19): 0.15      0.16      0.19      0.25      0.00      0.06      0.00      0.00      0.00      0.19      
pt(0.19, 0.20): 0.09      0.16      0.22      0.25      0.00      0.06      0.00      0.01      0.00      0.21      
pt(0.20, 0.21): 0.00      0.20      0.23      0.25      0.00      0.07      0.00      0.03      0.00      0.23      
pt(0.21, 0.22): 0.00      0.04      0.25      0.25      0.00      0.08      0.00      0.12      0.00      0.25      
pt(0.23, 0.23): 0.00      0.00      0.25      0.15      0.00      0.25      0.00      0.10      0.00      0.25      

Best Weight for rate 1
pt(0.19, 0.20): 0.05      0.18      0.19      0.29      0.00      0.06      0.00      0.05      0.00      0.16      

Best Weight for rate 2
pt(0.19, 0.19): 0.06      0.21      0.05      0.32      0.00      0.10      0.01      0.07      0.00      0.18      

