Output for: 2016_2017.csv
Stock #6 Std = 0.18642
Stock #17 Std = 0.24731
Stock #489 Std = 0.32008
Stock #669 Std = 0.27669
Stock #883 Std = 0.36731
Stock #1211 Std = 0.34253
Stock #1299 Std = 0.23445
Stock #2318 Std = 0.27593
Stock #2388 Std = 0.24556
Stock #6837 Std = 0.28695
Stock #6 E(r) = 0.08900
Stock #17 E(r) = 0.16300
Stock #489 E(r) = 0.25100
Stock #669 E(r) = 0.18100
Stock #883 E(r) = 0.18500
Stock #1211 E(r) = 0.24100
Stock #1299 E(r) = 0.15400
Stock #2318 E(r) = 0.21700
Stock #2388 E(r) = 0.12600
Stock #6837 E(r) = 0.23200
Stock #6 E(r) = 0.08900
Stock #17 E(r) = 0.16300
Stock #489 E(r) = 0.25100
Stock #669 E(r) = 0.18100
Stock #883 E(r) = 0.18500
Stock #1211 E(r) = 0.24100
Stock #1299 E(r) = 0.15400
Stock #2318 E(r) = 0.21700
Stock #2388 E(r) = 0.12600
Stock #6837 E(r) = 0.23200

Covariance Matrix:
0.03475	0.01639	0.01615	0.00908	0.02807	0.01966	0.01860	0.02275	0.01841	0.02043	
0.01639	0.06116	0.02958	0.00630	0.03987	0.03351	0.02522	0.03934	0.03067	0.03197	
0.01615	0.02958	0.10245	0.01790	0.04730	0.05308	0.03111	0.04367	0.03090	0.04299	
0.00908	0.00630	0.01790	0.07656	0.01662	0.01436	0.01604	0.01126	0.01208	0.01762	
0.02807	0.03987	0.04730	0.01662	0.13491	0.06883	0.05349	0.06876	0.05275	0.07089	
0.01966	0.03351	0.05308	0.01436	0.06883	0.11733	0.03983	0.06456	0.04083	0.06045	
0.01860	0.02522	0.03111	0.01604	0.05349	0.03983	0.05497	0.04115	0.03076	0.04015	
0.02275	0.03934	0.04367	0.01126	0.06876	0.06456	0.04115	0.07614	0.04182	0.06164	
0.01841	0.03067	0.03090	0.01208	0.05275	0.04083	0.03076	0.04182	0.06030	0.04197	
0.02043	0.03197	0.04299	0.01762	0.07089	0.06045	0.04015	0.06164	0.04197	0.08234	

Coefficient Matrix:
1.00000	0.35546	0.27068	0.17601	0.41001	0.30786	0.42559	0.44234	0.40217	0.38187	
0.35546	1.00000	0.37368	0.09200	0.43897	0.39561	0.43489	0.57649	0.50501	0.45048	
0.27068	0.37368	1.00000	0.20209	0.40236	0.48416	0.41462	0.49443	0.39314	0.46806	
0.17601	0.09200	0.20209	1.00000	0.16353	0.15150	0.24732	0.14745	0.17781	0.22193	
0.41001	0.43897	0.40236	0.16353	1.00000	0.54707	0.62110	0.67847	0.58483	0.67259	
0.30786	0.39561	0.48416	0.15150	0.54707	1.00000	0.49603	0.68307	0.48540	0.61498	
0.42559	0.43489	0.41462	0.24732	0.62110	0.49603	1.00000	0.63612	0.53432	0.59679	
0.44234	0.57649	0.49443	0.14745	0.67847	0.68307	0.63612	1.00000	0.61714	0.77857	
0.40217	0.50501	0.39314	0.17781	0.58483	0.48540	0.53432	0.61714	1.00000	0.59561	
0.38187	0.45048	0.46806	0.22193	0.67259	0.61498	0.59679	0.77857	0.59561	1.00000	

Unconstrained EFT
Pt# (.155, .100) .584  .162  -.012 .153  -.111 -.001 .188  -.130 .205  -.038 
Pt# (.152, .110) .538  .166  .007  .165  -.114 .006  .177  -.108 .175  -.013 
Pt# (.150, .120) .491  .171  .026  .178  -.116 .014  .166  -.086 .144  .012  
Pt# (.150, .130) .445  .175  .045  .190  -.119 .022  .155  -.064 .114  .037  
Pt# (.151, .140) .399  .179  .064  .203  -.122 .029  .144  -.043 .083  .062  
Pt# (.153, .150) .353  .184  .083  .216  -.125 .037  .133  -.021 .053  .088  
Pt# (.157, .160) .307  .188  .103  .228  -.128 .044  .122  .001  .022  .113  
Pt# (.162, .170) .260  .193  .122  .241  -.131 .052  .111  .023  -.008 .138  
Pt# (.168, .180) .214  .197  .141  .254  -.134 .060  .100  .045  -.039 .163  
Pt# (.175, .190) .168  .201  .160  .266  -.137 .067  .089  .067  -.069 .188  
Pt# (.183, .200) .122  .206  .179  .279  -.140 .075  .078  .089  -.100 .213  
Pt# (.191, .210) .076  .210  .198  .291  -.143 .083  .067  .111  -.130 .238  
Pt# (.201, .220) .029  .215  .217  .304  -.146 .090  .055  .132  -.161 .263  
Pt# (.211, .230) -.017 .219  .236  .317  -.149 .098  .044  .154  -.191 .288  
Pt# (.221, .240) -.063 .223  .255  .329  -.152 .106  .033  .176  -.222 .313  
Pt# (.232, .250) -.109 .228  .274  .342  -.155 .113  .022  .198  -.252 .338  
Pt# (.243, .260) -.156 .232  .293  .355  -.158 .121  .011  .220  -.283 .363  
Pt# (.255, .270) -.202 .237  .313  .367  -.160 .129  .000  .242  -.313 .388  
Pt# (.266, .280) -.248 .241  .332  .380  -.163 .136  -.011 .264  -.344 .414  
Pt# (.278, .290) -.294 .246  .351  .392  -.166 .144  -.022 .286  -.374 .439  

POS Only EFT
Pt# (.170, .100) .796  .000  .000  .063  .000  .000  .000  .000  .142  .000  
Pt# (.161, .110) .679  .057  .000  .121  .000  .000  .013  .000  .131  .000  
Pt# (.155, .120) .563  .112  .000  .166  .000  .000  .055  .000  .104  .000  
Pt# (.153, .130) .467  .152  .019  .200  .000  .000  .084  .000  .078  .000  
Pt# (.154, .140) .401  .170  .061  .218  .000  .002  .093  .000  .054  .000  
Pt# (.156, .150) .352  .180  .084  .231  .000  .017  .086  .000  .024  .027  
Pt# (.160, .160) .301  .187  .105  .243  .000  .029  .075  .000  .000  .060  
Pt# (.165, .170) .239  .189  .128  .255  .000  .040  .058  .000  .000  .091  
Pt# (.171, .180) .178  .188  .150  .268  .000  .049  .039  .011  .000  .116  
Pt# (.179, .190) .116  .186  .171  .281  .000  .057  .019  .032  .000  .138  
Pt# (.188, .200) .055  .183  .193  .295  .000  .064  .000  .052  .000  .159  
Pt# (.197, .210) .000  .156  .223  .297  .000  .074  .000  .065  .000  .185  
Pt# (.210, .220) .000  .053  .284  .267  .000  .098  .000  .065  .000  .232  
Pt# (.227, .230) .000  .000  .363  .198  .000  .136  .000  .000  .000  .303  
Pt# (.252, .240) .000  .000  .469  .046  .000  .160  .000  .000  .000  .324  
Pt# (.306, .250) .000  .000  .900  .000  .000  .100  .000  .000  .000  .000  
Bounded 0.25EFT
Pt# (.159, .140) .250  .189  .000  .206  .000  .000  .175  .000  .180  .000  
Pt# (.158, .150) .250  .201  .073  .222  .000  .000  .158  .000  .095  .000  
Pt# (.161, .160) .250  .196  .091  .226  .000  .024  .120  .000  .036  .058  
Pt# (.165, .170) .250  .178  .125  .228  .000  .044  .065  .000  .000  .109  
Pt# (.172, .180) .182  .150  .162  .250  .000  .040  .080  .000  .000  .136  
Pt# (.180, .190) .155  .163  .190  .250  .000  .056  .000  .000  .000  .185  
Pt# (.188, .200) .089  .161  .215  .250  .000  .065  .000  .010  .000  .211  
Pt# (.198, .210) .000  .199  .228  .250  .000  .066  .000  .028  .000  .229  
Pt# (.210, .220) .000  .042  .250  .250  .000  .084  .000  .124  .000  .250  
Pt# (.232, .230) .000  .000  .250  .146  .000  .250  .000  .104  .000  .250  
Output for: 2016_2017.csv
Stock #6 Std = 0.18642
Stock #17 Std = 0.24731
Stock #489 Std = 0.32008
Stock #669 Std = 0.27669
Stock #883 Std = 0.36731
Stock #1211 Std = 0.34253
Stock #1299 Std = 0.23445
Stock #2318 Std = 0.27593
Stock #2388 Std = 0.24556
Stock #6837 Std = 0.28695
Stock #6 E(r) = 0.08900
Stock #17 E(r) = 0.16300
Stock #489 E(r) = 0.25100
Stock #669 E(r) = 0.18100
Stock #883 E(r) = 0.18500
Stock #1211 E(r) = 0.24100
Stock #1299 E(r) = 0.15400
Stock #2318 E(r) = 0.21700
Stock #2388 E(r) = 0.12600
Stock #6837 E(r) = 0.23200
Stock #6 E(r) = 0.08900
Stock #17 E(r) = 0.16300
Stock #489 E(r) = 0.25100
Stock #669 E(r) = 0.18100
Stock #883 E(r) = 0.18500
Stock #1211 E(r) = 0.24100
Stock #1299 E(r) = 0.15400
Stock #2318 E(r) = 0.21700
Stock #2388 E(r) = 0.12600
Stock #6837 E(r) = 0.23200

Covariance Matrix:
0.03475	0.01639	0.01615	0.00908	0.02807	0.01966	0.01860	0.02275	0.01841	0.02043	
0.01639	0.06116	0.02958	0.00630	0.03987	0.03351	0.02522	0.03934	0.03067	0.03197	
0.01615	0.02958	0.10245	0.01790	0.04730	0.05308	0.03111	0.04367	0.03090	0.04299	
0.00908	0.00630	0.01790	0.07656	0.01662	0.01436	0.01604	0.01126	0.01208	0.01762	
0.02807	0.03987	0.04730	0.01662	0.13491	0.06883	0.05349	0.06876	0.05275	0.07089	
0.01966	0.03351	0.05308	0.01436	0.06883	0.11733	0.03983	0.06456	0.04083	0.06045	
0.01860	0.02522	0.03111	0.01604	0.05349	0.03983	0.05497	0.04115	0.03076	0.04015	
0.02275	0.03934	0.04367	0.01126	0.06876	0.06456	0.04115	0.07614	0.04182	0.06164	
0.01841	0.03067	0.03090	0.01208	0.05275	0.04083	0.03076	0.04182	0.06030	0.04197	
0.02043	0.03197	0.04299	0.01762	0.07089	0.06045	0.04015	0.06164	0.04197	0.08234	

Coefficient Matrix:
1.00000	0.35546	0.27068	0.17601	0.41001	0.30786	0.42559	0.44234	0.40217	0.38187	
0.35546	1.00000	0.37368	0.09200	0.43897	0.39561	0.43489	0.57649	0.50501	0.45048	
0.27068	0.37368	1.00000	0.20209	0.40236	0.48416	0.41462	0.49443	0.39314	0.46806	
0.17601	0.09200	0.20209	1.00000	0.16353	0.15150	0.24732	0.14745	0.17781	0.22193	
0.41001	0.43897	0.40236	0.16353	1.00000	0.54707	0.62110	0.67847	0.58483	0.67259	
0.30786	0.39561	0.48416	0.15150	0.54707	1.00000	0.49603	0.68307	0.48540	0.61498	
0.42559	0.43489	0.41462	0.24732	0.62110	0.49603	1.00000	0.63612	0.53432	0.59679	
0.44234	0.57649	0.49443	0.14745	0.67847	0.68307	0.63612	1.00000	0.61714	0.77857	
0.40217	0.50501	0.39314	0.17781	0.58483	0.48540	0.53432	0.61714	1.00000	0.59561	
0.38187	0.45048	0.46806	0.22193	0.67259	0.61498	0.59679	0.77857	0.59561	1.00000	

Unconstrained EFT
Pt# (.155, .100) .584  .162  -.012 .153  -.111 -.001 .188  -.130 .205  -.038 
Pt# (.152, .110) .538  .166  .007  .165  -.114 .006  .177  -.108 .175  -.013 
Pt# (.150, .120) .491  .171  .026  .178  -.116 .014  .166  -.086 .144  .012  
Pt# (.150, .130) .445  .175  .045  .190  -.119 .022  .155  -.064 .114  .037  
Pt# (.151, .140) .399  .179  .064  .203  -.122 .029  .144  -.043 .083  .062  
Pt# (.153, .150) .353  .184  .083  .216  -.125 .037  .133  -.021 .053  .088  
Pt# (.157, .160) .307  .188  .103  .228  -.128 .044  .122  .001  .022  .113  
Pt# (.162, .170) .260  .193  .122  .241  -.131 .052  .111  .023  -.008 .138  
Pt# (.168, .180) .214  .197  .141  .254  -.134 .060  .100  .045  -.039 .163  
Pt# (.175, .190) .168  .201  .160  .266  -.137 .067  .089  .067  -.069 .188  
Pt# (.183, .200) .122  .206  .179  .279  -.140 .075  .078  .089  -.100 .213  
Pt# (.191, .210) .076  .210  .198  .291  -.143 .083  .067  .111  -.130 .238  
Pt# (.201, .220) .029  .215  .217  .304  -.146 .090  .055  .132  -.161 .263  
Pt# (.211, .230) -.017 .219  .236  .317  -.149 .098  .044  .154  -.191 .288  
Pt# (.221, .240) -.063 .223  .255  .329  -.152 .106  .033  .176  -.222 .313  
Pt# (.232, .250) -.109 .228  .274  .342  -.155 .113  .022  .198  -.252 .338  
Pt# (.243, .260) -.156 .232  .293  .355  -.158 .121  .011  .220  -.283 .363  
Pt# (.255, .270) -.202 .237  .313  .367  -.160 .129  .000  .242  -.313 .388  
Pt# (.266, .280) -.248 .241  .332  .380  -.163 .136  -.011 .264  -.344 .414  
Pt# (.278, .290) -.294 .246  .351  .392  -.166 .144  -.022 .286  -.374 .439  

POS Only EFT
Pt# (.170, .100) .796  .000  .000  .063  .000  .000  .000  .000  .142  .000  
Pt# (.161, .110) .679  .057  .000  .121  .000  .000  .013  .000  .131  .000  
Pt# (.155, .120) .563  .112  .000  .166  .000  .000  .055  .000  .104  .000  
Pt# (.153, .130) .467  .152  .019  .200  .000  .000  .084  .000  .078  .000  
Pt# (.154, .140) .401  .170  .061  .218  .000  .002  .093  .000  .054  .000  
Pt# (.156, .150) .352  .180  .084  .231  .000  .017  .086  .000  .024  .027  
Pt# (.160, .160) .301  .187  .105  .243  .000  .029  .075  .000  .000  .060  
Pt# (.165, .170) .239  .189  .128  .255  .000  .040  .058  .000  .000  .091  
Pt# (.171, .180) .178  .188  .150  .268  .000  .049  .039  .011  .000  .116  
Pt# (.179, .190) .116  .186  .171  .281  .000  .057  .019  .032  .000  .138  
Pt# (.188, .200) .055  .183  .193  .295  .000  .064  .000  .052  .000  .159  
Pt# (.197, .210) .000  .156  .223  .297  .000  .074  .000  .065  .000  .185  
Pt# (.210, .220) .000  .053  .284  .267  .000  .098  .000  .065  .000  .232  
Pt# (.227, .230) .000  .000  .363  .198  .000  .136  .000  .000  .000  .303  
Pt# (.252, .240) .000  .000  .469  .046  .000  .160  .000  .000  .000  .324  
Pt# (.306, .250) .000  .000  .900  .000  .000  .100  .000  .000  .000  .000  
Bounded 0.25EFT
Pt# (.159, .140) .250  .189  .000  .206  .000  .000  .175  .000  .180  .000  
Pt# (.158, .150) .250  .201  .073  .222  .000  .000  .158  .000  .095  .000  
Pt# (.161, .160) .250  .196  .091  .226  .000  .024  .120  .000  .036  .058  
Pt# (.165, .170) .250  .178  .125  .228  .000  .044  .065  .000  .000  .109  
Pt# (.172, .180) .182  .150  .162  .250  .000  .040  .080  .000  .000  .136  
Pt# (.180, .190) .155  .163  .190  .250  .000  .056  .000  .000  .000  .185  
Pt# (.188, .200) .089  .161  .215  .250  .000  .065  .000  .010  .000  .211  
Pt# (.198, .210) .000  .199  .228  .250  .000  .066  .000  .028  .000  .229  
Pt# (.210, .220) .000  .042  .250  .250  .000  .084  .000  .124  .000  .250  
Pt# (.232, .230) .000  .000  .250  .146  .000  .250  .000  .104  .000  .250  
