Output for: 2016_2017.csv
Stock #6 Std = 0.18642
Stock #17 Std = 0.24731
Stock #489 Std = 0.32008
Stock #669 Std = 0.27669
Stock #883 Std = 0.36731
Stock #1211 Std = 0.34253
Stock #1299 Std = 0.23445
Stock #2318 Std = 0.27593
Stock #2388 Std = 0.24556
Stock #6837 Std = 0.28695
Stock #6 E(r) = 0.08900
Stock #17 E(r) = 0.16300
Stock #489 E(r) = 0.25100
Stock #669 E(r) = 0.18100
Stock #883 E(r) = 0.18500
Stock #1211 E(r) = 0.24100
Stock #1299 E(r) = 0.15400
Stock #2318 E(r) = 0.21700
Stock #2388 E(r) = 0.12600
Stock #6837 E(r) = 0.23200
Stock #6 E(r) = 0.08900
Stock #17 E(r) = 0.16300
Stock #489 E(r) = 0.25100
Stock #669 E(r) = 0.18100
Stock #883 E(r) = 0.18500
Stock #1211 E(r) = 0.24100
Stock #1299 E(r) = 0.15400
Stock #2318 E(r) = 0.21700
Stock #2388 E(r) = 0.12600
Stock #6837 E(r) = 0.23200

Covariance Matrix:
0.03475	0.01639	0.01615	0.00908	0.02807	0.01966	0.01860	0.02275	0.01841	0.02043	
0.01639	0.06116	0.02958	0.00630	0.03987	0.03351	0.02522	0.03934	0.03067	0.03197	
0.01615	0.02958	0.10245	0.01790	0.04730	0.05308	0.03111	0.04367	0.03090	0.04299	
0.00908	0.00630	0.01790	0.07656	0.01662	0.01436	0.01604	0.01126	0.01208	0.01762	
0.02807	0.03987	0.04730	0.01662	0.13491	0.06883	0.05349	0.06876	0.05275	0.07089	
0.01966	0.03351	0.05308	0.01436	0.06883	0.11733	0.03983	0.06456	0.04083	0.06045	
0.01860	0.02522	0.03111	0.01604	0.05349	0.03983	0.05497	0.04115	0.03076	0.04015	
0.02275	0.03934	0.04367	0.01126	0.06876	0.06456	0.04115	0.07614	0.04182	0.06164	
0.01841	0.03067	0.03090	0.01208	0.05275	0.04083	0.03076	0.04182	0.06030	0.04197	
0.02043	0.03197	0.04299	0.01762	0.07089	0.06045	0.04015	0.06164	0.04197	0.08234	

Coefficient Matrix:
1.00000	0.35546	0.27068	0.17601	0.41001	0.30786	0.42559	0.44234	0.40217	0.38187	
0.35546	1.00000	0.37368	0.09200	0.43897	0.39561	0.43489	0.57649	0.50501	0.45048	
0.27068	0.37368	1.00000	0.20209	0.40236	0.48416	0.41462	0.49443	0.39314	0.46806	
0.17601	0.09200	0.20209	1.00000	0.16353	0.15150	0.24732	0.14745	0.17781	0.22193	
0.41001	0.43897	0.40236	0.16353	1.00000	0.54707	0.62110	0.67847	0.58483	0.67259	
0.30786	0.39561	0.48416	0.15150	0.54707	1.00000	0.49603	0.68307	0.48540	0.61498	
0.42559	0.43489	0.41462	0.24732	0.62110	0.49603	1.00000	0.63612	0.53432	0.59679	
0.44234	0.57649	0.49443	0.14745	0.67847	0.68307	0.63612	1.00000	0.61714	0.77857	
0.40217	0.50501	0.39314	0.17781	0.58483	0.48540	0.53432	0.61714	1.00000	0.59561	
0.38187	0.45048	0.46806	0.22193	0.67259	0.61498	0.59679	0.77857	0.59561	1.00000	

Unconstrained EFT
pt(0.15, 0.10): 0.58      0.16      -0.01     0.15      -0.11     -0.00     0.19      -0.13     0.21      -0.04     
pt(0.15, 0.11): 0.54      0.17      0.01      0.17      -0.11     0.01      0.18      -0.11     0.17      -0.01     
pt(0.15, 0.12): 0.49      0.17      0.03      0.18      -0.12     0.01      0.17      -0.09     0.14      0.01      
pt(0.15, 0.13): 0.45      0.17      0.05      0.19      -0.12     0.02      0.16      -0.06     0.11      0.04      
pt(0.15, 0.14): 0.40      0.18      0.06      0.20      -0.12     0.03      0.14      -0.04     0.08      0.06      
pt(0.15, 0.15): 0.35      0.18      0.08      0.22      -0.13     0.04      0.13      -0.02     0.05      0.09      
pt(0.16, 0.16): 0.31      0.19      0.10      0.23      -0.13     0.04      0.12      0.00      0.02      0.11      
pt(0.16, 0.17): 0.26      0.19      0.12      0.24      -0.13     0.05      0.11      0.02      -0.01     0.14      
pt(0.17, 0.18): 0.21      0.20      0.14      0.25      -0.13     0.06      0.10      0.04      -0.04     0.16      
pt(0.17, 0.19): 0.17      0.20      0.16      0.27      -0.14     0.07      0.09      0.07      -0.07     0.19      
pt(0.18, 0.20): 0.12      0.21      0.18      0.28      -0.14     0.08      0.08      0.09      -0.10     0.21      
pt(0.19, 0.21): 0.08      0.21      0.20      0.29      -0.14     0.08      0.07      0.11      -0.13     0.24      
pt(0.20, 0.22): 0.03      0.21      0.22      0.30      -0.15     0.09      0.06      0.13      -0.16     0.26      
pt(0.21, 0.23): -0.02     0.22      0.24      0.32      -0.15     0.10      0.04      0.15      -0.19     0.29      
pt(0.22, 0.24): -0.06     0.22      0.26      0.33      -0.15     0.11      0.03      0.18      -0.22     0.31      
pt(0.23, 0.25): -0.11     0.23      0.27      0.34      -0.15     0.11      0.02      0.20      -0.25     0.34      
pt(0.24, 0.26): -0.16     0.23      0.29      0.35      -0.16     0.12      0.01      0.22      -0.28     0.36      
pt(0.25, 0.27): -0.20     0.24      0.31      0.37      -0.16     0.13      0.00      0.24      -0.31     0.39      
pt(0.27, 0.28): -0.25     0.24      0.33      0.38      -0.16     0.14      -0.01     0.26      -0.34     0.41      
pt(0.28, 0.29): -0.29     0.25      0.35      0.39      -0.17     0.14      -0.02     0.29      -0.37     0.44      

POS Only EFT
pt(0.17, 0.10): 0.80      0.00      0.00      0.06      0.00      0.00      0.00      0.00      0.14      0.00      
pt(0.16, 0.11): 0.68      0.06      0.00      0.12      0.00      0.00      0.01      0.00      0.13      0.00      
pt(0.16, 0.12): 0.56      0.11      0.00      0.17      0.00      0.00      0.06      0.00      0.10      0.00      
pt(0.15, 0.13): 0.47      0.15      0.02      0.20      0.00      0.00      0.08      0.00      0.08      0.00      
pt(0.15, 0.14): 0.40      0.17      0.06      0.22      0.00      0.00      0.09      0.00      0.05      0.00      
pt(0.16, 0.15): 0.35      0.18      0.08      0.23      0.00      0.02      0.09      0.00      0.02      0.03      
pt(0.16, 0.16): 0.30      0.19      0.10      0.24      0.00      0.03      0.08      0.00      0.00      0.06      
pt(0.17, 0.17): 0.24      0.19      0.13      0.26      0.00      0.04      0.06      0.00      0.00      0.09      
pt(0.17, 0.18): 0.18      0.19      0.15      0.27      0.00      0.05      0.04      0.01      0.00      0.12      
pt(0.18, 0.19): 0.12      0.19      0.17      0.28      0.00      0.06      0.02      0.03      0.00      0.14      
pt(0.19, 0.20): 0.05      0.18      0.19      0.29      0.00      0.06      0.00      0.05      0.00      0.16      
pt(0.20, 0.21): 0.00      0.16      0.22      0.30      0.00      0.07      0.00      0.06      0.00      0.18      
pt(0.21, 0.22): 0.00      0.05      0.28      0.27      0.00      0.10      0.00      0.06      0.00      0.23      
pt(0.23, 0.23): 0.00      0.00      0.36      0.20      0.00      0.14      0.00      0.00      0.00      0.30      
pt(0.25, 0.24): 0.00      0.00      0.47      0.05      0.00      0.16      0.00      0.00      0.00      0.32      
pt(0.31, 0.25): 0.00      0.00      0.90      0.00      0.00      0.10      0.00      0.00      0.00      0.00      

Best Weight for rate 1
pt(0.19, 0.20): 0.05      0.18      0.19      0.29      0.00      0.06      0.00      0.05      0.00      0.16      

Best Weight for rate 2
pt(0.19, 0.19): 0.06      0.21      0.05      0.32      0.00      0.10      0.01      0.07      0.00      0.18      

